{
 "cells": [
  {
   "cell_type": "code",
   "execution_count": 1,
   "metadata": {},
   "outputs": [],
   "source": [
    "import ect\n",
    "from ect.optimizers import ECTFullOptimizer\n",
    "import matplotlib.pyplot as plt\n",
    "import numpy as np\n",
    "import cv2\n",
    "\n",
    "radius = 200\n",
    "img_offset = radius/10\n",
    "ect_offset = radius/5\n",
    "\n",
    "n_knots = 10"
   ]
  },
  {
   "cell_type": "code",
   "execution_count": 2,
   "metadata": {},
   "outputs": [],
   "source": [
    "def rms(x: np.ndarray) -> float:\n",
    "    rms_ = np.sqrt((x*np.conj(x)).sum().sum())\n",
    "    return rms_\n",
    "\n",
    "def rmsnorm(x: np.ndarray) -> np.ndarray:\n",
    "    rms = np.sqrt((x*np.conj(x)).sum().sum())\n",
    "    return x/rms\n",
    "\n",
    "def snr(image: cv2.Mat, template: cv2.Mat):\n",
    "    snr_lin = (1/rms((rmsnorm(image) - rmsnorm(template))))\n",
    "    return 20*np.log10(snr_lin)"
   ]
  },
  {
   "cell_type": "code",
   "execution_count": 3,
   "metadata": {},
   "outputs": [
    {
     "name": "stdout",
     "output_type": "stream",
     "text": [
      "Current loss=1.176\n",
      "Current loss=0.097\n",
      "Current loss=-0.584\n",
      "Current loss=-1.269\n",
      "Current loss=-1.999\n",
      "Current loss=-3.088\n",
      "Current loss=-3.799\n",
      "Current loss=-4.114\n",
      "Current loss=-4.658\n",
      "Current loss=-5.026\n",
      "Current loss=-5.286\n",
      "Current loss=-5.582\n",
      "Current loss=-6.092\n",
      "Current loss=-6.503\n",
      "Current loss=-6.915\n",
      "Current loss=-7.288\n",
      "Current loss=-7.430\n",
      "Current loss=-7.595\n",
      "Current loss=-7.606\n",
      "Current loss=-7.627\n",
      "Current loss=-7.668\n",
      "Current loss=-7.742\n",
      "Current loss=-7.857\n",
      "Current loss=-7.910\n",
      "Current loss=-7.947\n",
      "Current loss=-7.998\n",
      "Current loss=-8.073\n",
      "Current loss=-8.115\n",
      "Current loss=-8.131\n",
      "Current loss=-8.150\n",
      "Current loss=-8.170\n",
      "Current loss=-8.192\n",
      "Current loss=-8.213\n",
      "Current loss=-8.236\n",
      "Current loss=-8.260\n",
      "Current loss=-8.283\n",
      "Current loss=-8.304\n",
      "Current loss=-8.328\n",
      "Current loss=-8.357\n",
      "Current loss=-8.379\n",
      "Current loss=-8.387\n",
      "Current loss=-8.394\n",
      "Current loss=-8.396\n",
      "Current loss=-8.399\n",
      "Current loss=-8.400\n",
      "Current loss=-8.402\n",
      "Current loss=-8.403\n",
      "Current loss=-8.403\n",
      "Current loss=-8.404\n",
      "Current loss=-8.405\n",
      "Current loss=-8.406\n",
      "Current loss=-8.407\n",
      "Current loss=-8.408\n",
      "Current loss=-8.408\n",
      "Current loss=-8.408\n",
      "Current loss=-8.408\n",
      "Current loss=-8.408\n",
      "Current loss=-8.409\n",
      "Current loss=-8.410\n",
      "Current loss=-8.411\n",
      "Current loss=-8.414\n",
      "Current loss=-8.418\n",
      "Current loss=-8.420\n",
      "Current loss=-8.423\n",
      "Current loss=-8.428\n",
      "Current loss=-8.435\n",
      "Current loss=-8.437\n",
      "Current loss=-8.438\n",
      "Current loss=-8.438\n",
      "Current loss=-8.438\n",
      "Current loss=-8.438\n",
      "Current loss=-8.438\n",
      "Current loss=-8.439\n",
      "Current loss=-8.439\n",
      "Current loss=-8.439\n",
      "Current loss=-8.440\n",
      "Current loss=-8.440\n",
      "Current loss=-8.440\n",
      "Current loss=-8.440\n",
      "Current loss=-8.440\n",
      "Current loss=-8.440\n",
      "Current loss=-8.440\n",
      "Current loss=-8.440\n",
      "Current loss=-8.440\n",
      "Current loss=-8.440\n",
      "Current loss=-8.451\n",
      "Current loss=-8.451\n",
      "Current loss=-8.452\n",
      "Current loss=-8.454\n",
      "Current loss=-8.455\n",
      "Current loss=-8.455\n",
      "Current loss=-8.455\n",
      "Current loss=-8.455\n"
     ]
    }
   ],
   "source": [
    "opt = ECTFullOptimizer(\n",
    "    image_path = \"../sample_imgs/shrek.png\",\n",
    "    radius = radius,\n",
    "    n_knots = n_knots,\n",
    "    img_offset = img_offset,\n",
    "    ect_offset = ect_offset,\n",
    "    loss_fcn = lambda x, y: -snr(x, y)\n",
    ")\n",
    "\n",
    "result = opt.optim(tol = 1e-3)\n",
    "\n",
    "# solution = result['x'][0]\n"
   ]
  },
  {
   "cell_type": "code",
   "execution_count": 4,
   "metadata": {},
   "outputs": [
    {
     "data": {
      "text/plain": [
       "      fun: -8.455014965766598\n",
       " hess_inv: array([[ 1.38069704e+00, -9.86585489e-01,  6.89028377e+00,\n",
       "         4.03769480e-01,  4.09268663e-01,  6.29810280e-01,\n",
       "         5.93054646e-01,  4.65976681e-01, -1.36442013e+00,\n",
       "        -7.42007147e+00,  7.36203150e-02, -3.16404412e-02,\n",
       "         2.44746211e-02,  2.49810207e-01,  2.49971003e+00,\n",
       "         4.61939813e+00,  2.39576549e+00,  1.06777769e+00,\n",
       "         6.98564396e-01,  8.76972367e-01, -3.47436816e-04,\n",
       "         0.00000000e+00, -8.82930760e-01,  0.00000000e+00],\n",
       "       [-9.86585489e-01,  3.64461600e+00, -1.78149042e+01,\n",
       "         1.16517472e-01, -7.63545227e-01, -1.28694885e+00,\n",
       "        -1.20204186e+00, -1.10883951e+00,  2.24621832e+00,\n",
       "         1.81508890e+01,  6.89288522e-02,  2.64019617e-03,\n",
       "        -2.87297878e-02, -3.94183983e-01, -5.96205685e+00,\n",
       "        -1.05910138e+01, -5.34805006e+00, -2.38341174e+00,\n",
       "        -1.56492432e+00, -1.97601855e+00,  8.44751853e-04,\n",
       "         0.00000000e+00,  2.03397231e+00,  0.00000000e+00],\n",
       "       [ 6.89028377e+00, -1.78149042e+01,  1.26076903e+02,\n",
       "         6.70705966e+00,  7.17407124e+00,  1.15000476e+01,\n",
       "         1.08348750e+01,  8.56687783e+00, -2.45071390e+01,\n",
       "        -1.34395219e+02,  2.11375245e+00, -7.83648789e-01,\n",
       "         5.09154942e-01,  4.97280222e+00,  4.35655232e+01,\n",
       "         8.40465842e+01,  4.41364499e+01,  1.96179963e+01,\n",
       "         1.27887400e+01,  1.62053584e+01, -6.26072280e-03,\n",
       "         0.00000000e+00, -1.59941447e+01,  0.00000000e+00],\n",
       "       [ 4.03769480e-01,  1.16517472e-01,  6.70705966e+00,\n",
       "         2.05157823e+01,  5.30946235e+00,  5.41654632e+00,\n",
       "         5.31361697e+00,  1.79708957e+00, -2.00616815e+01,\n",
       "        -2.45181446e+01,  1.34821691e+00, -5.09209987e-01,\n",
       "         3.12994539e-01,  2.53115319e+00,  1.56425658e+01,\n",
       "         2.38695238e+01,  1.27474935e+01,  5.83846591e+00,\n",
       "         3.88427249e+00,  4.23204583e+00, -1.28411945e-03,\n",
       "         0.00000000e+00, -4.66958338e+00,  0.00000000e+00],\n",
       "       [ 4.09268663e-01, -7.63545227e-01,  7.17407124e+00,\n",
       "         5.30946235e+00,  1.00293835e+01,  5.45626690e+00,\n",
       "         4.50649333e+00,  1.16603223e+00, -1.66364239e+01,\n",
       "        -1.56501628e+01,  8.97758350e-01, -3.70064498e-01,\n",
       "         2.48303650e-01,  1.28777110e+00,  1.09164428e+01,\n",
       "         1.94007232e+01,  1.07809453e+01,  5.04440493e+00,\n",
       "         3.35583416e+00,  3.70310288e+00, -6.73549130e-04,\n",
       "         0.00000000e+00, -3.46840199e+00,  0.00000000e+00],\n",
       "       [ 6.29810280e-01, -1.28694885e+00,  1.15000476e+01,\n",
       "         5.41654632e+00,  5.45626690e+00,  7.92147855e+00,\n",
       "         6.44686068e+00,  3.01187167e+00, -1.79453581e+01,\n",
       "        -2.01480568e+01,  1.07431275e+00, -4.44413911e-01,\n",
       "         3.07205469e-01,  2.29553593e+00,  1.50777396e+01,\n",
       "         2.20106101e+01,  1.15453229e+01,  5.21910857e+00,\n",
       "         3.37152035e+00,  4.33126591e+00, -8.18881031e-04,\n",
       "         0.00000000e+00, -4.29672025e+00,  0.00000000e+00],\n",
       "       [ 5.93054646e-01, -1.20204186e+00,  1.08348750e+01,\n",
       "         5.31361697e+00,  4.50649333e+00,  6.44686068e+00,\n",
       "         6.30901455e+00,  3.09793208e+00, -1.50398634e+01,\n",
       "        -1.98574481e+01,  9.97385668e-01, -4.17735968e-01,\n",
       "         2.87138987e-01,  2.50115596e+00,  1.52892157e+01,\n",
       "         1.91066666e+01,  9.87932929e+00,  4.53300772e+00,\n",
       "         3.00364496e+00,  3.39396693e+00, -7.85755380e-04,\n",
       "         0.00000000e+00, -3.98639358e+00,  0.00000000e+00],\n",
       "       [ 4.65976681e-01, -1.10883951e+00,  8.56687783e+00,\n",
       "         1.79708957e+00,  1.16603223e+00,  3.01187167e+00,\n",
       "         3.09793208e+00,  3.20436431e+00, -1.50394709e+00,\n",
       "        -1.76953347e+01,  6.94722772e-01, -2.94105687e-01,\n",
       "         1.94044129e-01,  1.10443998e+00,  5.50572255e+00,\n",
       "         1.12183084e+01,  6.40450273e+00,  2.76031321e+00,\n",
       "         1.75663670e+00,  2.54478177e+00, -5.20900644e-04,\n",
       "         0.00000000e+00, -2.26535976e+00,  0.00000000e+00],\n",
       "       [-1.36442013e+00,  2.24621832e+00, -2.45071390e+01,\n",
       "        -2.00616815e+01, -1.66364239e+01, -1.79453581e+01,\n",
       "        -1.50398634e+01, -1.50394709e+00,  6.89434299e+01,\n",
       "         2.68636323e+01, -1.91727056e+00,  7.84480438e-01,\n",
       "        -4.60215827e-01, -6.36541350e+00, -4.71657311e+01,\n",
       "        -5.03362600e+01, -2.44144854e+01, -1.17408932e+01,\n",
       "        -8.03179070e+00, -7.74520964e+00,  2.05131303e-03,\n",
       "         0.00000000e+00,  1.02620154e+01,  0.00000000e+00],\n",
       "       [-7.42007147e+00,  1.81508890e+01, -1.34395219e+02,\n",
       "        -2.45181446e+01, -1.56501628e+01, -2.01480568e+01,\n",
       "        -1.98574481e+01, -1.76953347e+01,  2.68636323e+01,\n",
       "         1.95637552e+02, -5.34980698e+00,  2.06322580e+00,\n",
       "        -1.39412451e+00, -8.18134352e+00, -5.53603719e+01,\n",
       "        -1.23324149e+02, -6.81164179e+01, -2.99518923e+01,\n",
       "        -1.92593303e+01, -2.55622263e+01,  7.79327812e-03,\n",
       "         0.00000000e+00,  2.32637383e+01,  0.00000000e+00],\n",
       "       [ 7.36203150e-02,  6.89288522e-02,  2.11375245e+00,\n",
       "         1.34821691e+00,  8.97758350e-01,  1.07431275e+00,\n",
       "         9.97385668e-01,  6.94722772e-01, -1.91727056e+00,\n",
       "        -5.34980698e+00,  5.93220314e+00, -1.44077896e+00,\n",
       "         8.83519951e-01, -5.07739134e-01,  6.70474658e-01,\n",
       "         4.19596316e+00,  3.07214010e+00,  1.35604741e+00,\n",
       "         7.92166355e-01,  1.54268651e+00, -1.39195201e-04,\n",
       "         0.00000000e+00, -7.86625493e-01,  0.00000000e+00],\n",
       "       [-3.16404412e-02,  2.64019617e-03, -7.83648789e-01,\n",
       "        -5.09209987e-01, -3.70064498e-01, -4.44413911e-01,\n",
       "        -4.17735968e-01, -2.94105687e-01,  7.84480438e-01,\n",
       "         2.06322580e+00, -1.44077896e+00,  1.47123906e+00,\n",
       "        -3.05258235e-01,  4.69634067e-01, -6.61298733e-01,\n",
       "        -1.69582310e+00, -1.14683789e+00, -4.93609960e-01,\n",
       "        -3.07358290e-01, -5.97833270e-01,  5.99150381e-05,\n",
       "         0.00000000e+00,  3.14446298e-01,  0.00000000e+00],\n",
       "       [ 2.44746211e-02, -2.87297878e-02,  5.09154942e-01,\n",
       "         3.12994539e-01,  2.48303650e-01,  3.07205469e-01,\n",
       "         2.87138987e-01,  1.94044129e-01, -4.60215827e-01,\n",
       "        -1.39412451e+00,  8.83519951e-01, -3.05258235e-01,\n",
       "         1.39342896e+00, -1.03075855e+00,  4.68434738e-01,\n",
       "         1.08506403e+00,  5.93003659e-01,  2.97996067e-01,\n",
       "         1.67236793e-01,  3.41215787e-01, -4.41093189e-05,\n",
       "         0.00000000e+00, -2.05385969e-01,  0.00000000e+00],\n",
       "       [ 2.49810207e-01, -3.94183983e-01,  4.97280222e+00,\n",
       "         2.53115319e+00,  1.28777110e+00,  2.29553593e+00,\n",
       "         2.50115596e+00,  1.10443998e+00, -6.36541350e+00,\n",
       "        -8.18134352e+00, -5.07739134e-01,  4.69634067e-01,\n",
       "        -1.03075855e+00,  9.68865516e+00,  1.48192118e+01,\n",
       "         9.57328729e-01,  6.41111210e-01,  1.96433649e-01,\n",
       "         3.15416893e-01, -7.85759788e-01, -3.47549196e-04,\n",
       "         0.00000000e+00, -1.52089260e+00,  0.00000000e+00],\n",
       "       [ 2.49971003e+00, -5.96205685e+00,  4.35655232e+01,\n",
       "         1.56425658e+01,  1.09164428e+01,  1.50777396e+01,\n",
       "         1.52892157e+01,  5.50572255e+00, -4.71657311e+01,\n",
       "        -5.53603719e+01,  6.70474658e-01, -6.61298733e-01,\n",
       "         4.68434738e-01,  1.48192118e+01,  1.00109573e+02,\n",
       "         2.11012651e+01,  6.38885762e+00,  3.43666764e+00,\n",
       "         3.22323676e+00, -6.97461750e-01, -3.01170941e-03,\n",
       "         0.00000000e+00, -1.05729031e+01,  0.00000000e+00],\n",
       "       [ 4.61939813e+00, -1.05910138e+01,  8.40465842e+01,\n",
       "         2.38695238e+01,  1.94007232e+01,  2.20106101e+01,\n",
       "         1.91066666e+01,  1.12183084e+01, -5.03362600e+01,\n",
       "        -1.23324149e+02,  4.19596316e+00, -1.69582310e+00,\n",
       "         1.08506403e+00,  9.57328729e-01,  2.11012651e+01,\n",
       "         1.25011012e+02,  6.42712213e+01,  2.89152315e+01,\n",
       "         1.80860505e+01,  2.16000326e+01, -5.16567907e-03,\n",
       "         0.00000000e+00, -1.90575267e+01,  0.00000000e+00],\n",
       "       [ 2.39576549e+00, -5.34805006e+00,  4.41364499e+01,\n",
       "         1.27474935e+01,  1.07809453e+01,  1.15453229e+01,\n",
       "         9.87932929e+00,  6.40450273e+00, -2.44144854e+01,\n",
       "        -6.81164179e+01,  3.07214010e+00, -1.14683789e+00,\n",
       "         5.93003659e-01,  6.41111210e-01,  6.38885762e+00,\n",
       "         6.42712213e+01,  3.99508274e+01,  1.59972592e+01,\n",
       "         1.07744388e+01,  1.12599808e+01, -2.72203392e-03,\n",
       "         0.00000000e+00, -1.00677626e+01,  0.00000000e+00],\n",
       "       [ 1.06777769e+00, -2.38341174e+00,  1.96179963e+01,\n",
       "         5.83846591e+00,  5.04440493e+00,  5.21910857e+00,\n",
       "         4.53300772e+00,  2.76031321e+00, -1.17408932e+01,\n",
       "        -2.99518923e+01,  1.35604741e+00, -4.93609960e-01,\n",
       "         2.97996067e-01,  1.96433649e-01,  3.43666764e+00,\n",
       "         2.89152315e+01,  1.59972592e+01,  8.32800618e+00,\n",
       "         4.44788225e+00,  6.52054552e+00, -1.21235492e-03,\n",
       "         0.00000000e+00, -4.50566690e+00,  0.00000000e+00],\n",
       "       [ 6.98564396e-01, -1.56492432e+00,  1.27887400e+01,\n",
       "         3.88427249e+00,  3.35583416e+00,  3.37152035e+00,\n",
       "         3.00364496e+00,  1.75663670e+00, -8.03179070e+00,\n",
       "        -1.92593303e+01,  7.92166355e-01, -3.07358290e-01,\n",
       "         1.67236793e-01,  3.15416893e-01,  3.22323676e+00,\n",
       "         1.80860505e+01,  1.07744388e+01,  4.44788225e+00,\n",
       "         3.82019993e+00,  2.45063434e+00, -7.99232533e-04,\n",
       "         0.00000000e+00, -2.90394465e+00,  0.00000000e+00],\n",
       "       [ 8.76972367e-01, -1.97601855e+00,  1.62053584e+01,\n",
       "         4.23204583e+00,  3.70310288e+00,  4.33126591e+00,\n",
       "         3.39396693e+00,  2.54478177e+00, -7.74520964e+00,\n",
       "        -2.55622263e+01,  1.54268651e+00, -5.97833270e-01,\n",
       "         3.41215787e-01, -7.85759788e-01, -6.97461750e-01,\n",
       "         2.16000326e+01,  1.12599808e+01,  6.52054552e+00,\n",
       "         2.45063434e+00,  1.70910879e+01, -9.42297523e-04,\n",
       "         0.00000000e+00, -3.31141301e+00,  0.00000000e+00],\n",
       "       [-3.47436816e-04,  8.44751853e-04, -6.26072280e-03,\n",
       "        -1.28411945e-03, -6.73549130e-04, -8.18881031e-04,\n",
       "        -7.85755380e-04, -5.20900644e-04,  2.05131303e-03,\n",
       "         7.79327812e-03, -1.39195201e-04,  5.99150381e-05,\n",
       "        -4.41093189e-05, -3.47549196e-04, -3.01170941e-03,\n",
       "        -5.16567907e-03, -2.72203392e-03, -1.21235492e-03,\n",
       "        -7.99232533e-04, -9.42297523e-04,  1.00000028e+00,\n",
       "         0.00000000e+00,  1.00108175e-03,  0.00000000e+00],\n",
       "       [ 0.00000000e+00,  0.00000000e+00,  0.00000000e+00,\n",
       "         0.00000000e+00,  0.00000000e+00,  0.00000000e+00,\n",
       "         0.00000000e+00,  0.00000000e+00,  0.00000000e+00,\n",
       "         0.00000000e+00,  0.00000000e+00,  0.00000000e+00,\n",
       "         0.00000000e+00,  0.00000000e+00,  0.00000000e+00,\n",
       "         0.00000000e+00,  0.00000000e+00,  0.00000000e+00,\n",
       "         0.00000000e+00,  0.00000000e+00,  0.00000000e+00,\n",
       "         1.00000000e+00,  0.00000000e+00,  0.00000000e+00],\n",
       "       [-8.82930760e-01,  2.03397231e+00, -1.59941447e+01,\n",
       "        -4.66958338e+00, -3.46840199e+00, -4.29672025e+00,\n",
       "        -3.98639358e+00, -2.26535976e+00,  1.02620154e+01,\n",
       "         2.32637383e+01, -7.86625493e-01,  3.14446298e-01,\n",
       "        -2.05385969e-01, -1.52089260e+00, -1.05729031e+01,\n",
       "        -1.90575267e+01, -1.00677626e+01, -4.50566690e+00,\n",
       "        -2.90394465e+00, -3.31141301e+00,  1.00108175e-03,\n",
       "         0.00000000e+00,  4.03263164e+00,  0.00000000e+00],\n",
       "       [ 0.00000000e+00,  0.00000000e+00,  0.00000000e+00,\n",
       "         0.00000000e+00,  0.00000000e+00,  0.00000000e+00,\n",
       "         0.00000000e+00,  0.00000000e+00,  0.00000000e+00,\n",
       "         0.00000000e+00,  0.00000000e+00,  0.00000000e+00,\n",
       "         0.00000000e+00,  0.00000000e+00,  0.00000000e+00,\n",
       "         0.00000000e+00,  0.00000000e+00,  0.00000000e+00,\n",
       "         0.00000000e+00,  0.00000000e+00,  0.00000000e+00,\n",
       "         0.00000000e+00,  0.00000000e+00,  1.00000000e+00]])\n",
       "      jac: array([ 1.19328499e-04, -8.48770142e-04, -1.71661377e-05, -5.47885895e-04,\n",
       "       -8.57114792e-05,  6.62803650e-05,  8.40783119e-04,  4.49538231e-04,\n",
       "        4.50611115e-05, -2.27689743e-05, -1.40070915e-04, -4.98294830e-05,\n",
       "        6.84261322e-05, -8.11815262e-05, -5.48362732e-06, -2.69412994e-05,\n",
       "        3.26633453e-05,  7.42673874e-05,  3.61204147e-05, -2.93254852e-05,\n",
       "        3.57627869e-07,  0.00000000e+00,  0.00000000e+00,  0.00000000e+00])\n",
       "  message: 'Optimization terminated successfully.'\n",
       "     nfev: 2700\n",
       "      nit: 93\n",
       "     njev: 108\n",
       "   status: 0\n",
       "  success: True\n",
       "        x: array([  1.10079625,   0.06405237,   5.1949342 ,   4.82815161,\n",
       "         4.17926219,   4.19322953,   3.81717688,   1.0717405 ,\n",
       "       -10.09577397,  -9.37777263,   0.07338646,  -0.04653836,\n",
       "         0.05480232,   0.68583369,   8.97382172,  17.55051516,\n",
       "         9.04814253,   3.92398009,   2.53011799,   3.28097694,\n",
       "         0.36068612,   0.27495301,  -1.17558629,   0.32276388])"
      ]
     },
     "execution_count": 4,
     "metadata": {},
     "output_type": "execute_result"
    }
   ],
   "source": [
    "result"
   ]
  },
  {
   "cell_type": "code",
   "execution_count": 12,
   "metadata": {},
   "outputs": [
    {
     "data": {
      "text/plain": [
       "array([  1.10079625,   0.06405237,   5.1949342 ,   4.82815161,\n",
       "         4.17926219,   4.19322953,   3.81717688,   1.0717405 ,\n",
       "       -10.09577397,  -9.37777263,   0.07338646,  -0.04653836,\n",
       "         0.05480232,   0.68583369,   8.97382172,  17.55051516,\n",
       "         9.04814253,   3.92398009,   2.53011799,   3.28097694,\n",
       "         0.36068612,   0.27495301,  -1.17558629,   0.32276388])"
      ]
     },
     "execution_count": 12,
     "metadata": {},
     "output_type": "execute_result"
    }
   ],
   "source": [
    "solution"
   ]
  },
  {
   "cell_type": "code",
   "execution_count": 10,
   "metadata": {},
   "outputs": [
    {
     "name": "stdout",
     "output_type": "stream",
     "text": [
      "opt.loss(solution)=-8.455014965766598\n"
     ]
    },
    {
     "data": {
